-4.21491 -4.26767 -4.86055 -2.51533 -3.51679 3.54214 -4.03591 

-1.07475 
4.92665 
-0.86285 
-4.04085 
4.5988 
4.72845 
-2.09305 

1.4081 1.7018 1.60415 -1.9629 1.5024 1.6277 0.9147 
1.76375 6.72611 -5.98591 -4.71373 -1.5718 3.10577 -2.43482 
2.55071 0.278011 3.35698 5.27489 0.418315 0.553328 0.497677 
-4.4292 -4.04025 -4.0983 2.3505 -0.85105 2.55615 -1.4512 
4.92315 -3.3376 1.47843 -3.29901 0.793387 0.108771 4.38008 
3.87955 2.7363 -1.0472 0.03625 -4.4899 0.8609 -3.20775 
-0.5836 -2.24395 4.22585 2.14055 -1.8514 -1.7815 -3.25715 

5.85239  
4.54993  
-4.89955  
-1.07585  
5.0491  
2.94505  
-2.39097  
-2.08225  

