Train
41.0717 41.9321 0.860341     0 2.49311e-307 2.49311e-307
42.588 43.969 1.38099     0 2.49311e-307 2.49311e-307
43.2763 44.4458 1.16951     0 2.49311e-307 2.49311e-307
43.3705 44.1912 0.820628     0 2.49311e-307 2.49311e-307
43.2747 44.0608 0.786043     0 2.49311e-307 2.49311e-307
43.2641 44.4053 1.14118     0 2.49311e-307 2.49311e-307
43.4205 45.0148 1.59426     0 2.49311e-307 2.49311e-307
43.6146 45.1872 1.5726     0 2.49311e-307 2.49311e-307
43.5788 43.8619 0.283079     0 2.49311e-307 2.49311e-307
42.925 40.7294 -2.19561     0 2.49311e-307 2.49311e-307
41.2846 36.9817 -4.30287     0 2.49311e-307 2.49311e-307
38.6953 33.6742 -5.02106     0 2.49311e-307 2.49311e-307
35.7188 31.0909 -4.62789     0 2.49311e-307 2.49311e-307
32.9207 29.0249 -3.89579     0 2.49311e-307 2.49311e-307
30.365 27.1387 -3.22631     0 2.49311e-307 2.49311e-307
27.8282 25.3024 -2.52579     0 2.49311e-307 2.49311e-307
25.3364 23.7704 -1.56603     0 2.49311e-307 2.49311e-307
23.4803 23.3098 -0.17045     0 2.49311e-307 2.49311e-307
23.505 25.0253 1.52032     0 2.49311e-307 2.49311e-307
26.6583 28.9614 2.3031     0 2.49311e-307 2.49311e-307
32.1331 33.5982 1.46508     0 2.49311e-307 2.49311e-307
37.1288 37.6799 0.551173     0 2.49311e-307 2.49311e-307
40.3036 40.8107 0.507042     0 2.49311e-307 2.49311e-307
42.0427 42.9542 0.911465     0 2.49311e-307 2.49311e-307
42.9346 44.1838 1.24916     0 2.49311e-307 2.49311e-307
43.3451 44.7194 1.37431     0 2.49311e-307 2.49311e-307
43.5062 45.0584 1.55217     0 2.49311e-307 2.49311e-307
43.6482 45.9408 2.29254     0 2.49311e-307 2.49311e-307
43.9841 47.5926 3.60857     0 2.49311e-307 2.49311e-307
44.4203 48.7023 4.28198     0 2.49311e-307 2.49311e-307
44.5672 47.6375 3.07028     0 2.49311e-307 2.49311e-307
44.1792 44.5928 0.413598     0 2.49311e-307 2.49311e-307
43.1234 40.7048 -2.41858     0 2.49311e-307 2.49311e-307
41.2475 36.8329 -4.41457     0 2.49311e-307 2.49311e-307
38.5556 33.3873 -5.16829     0 2.49311e-307 2.49311e-307
35.3351 30.3767 -4.95842     0 2.49311e-307 2.49311e-307
31.8363 27.487 -4.34936     0 2.49311e-307 2.49311e-307
27.9581 24.518 -3.44007     0 2.49311e-307 2.49311e-307
23.8438 21.797 -2.04675     0 2.49311e-307 2.49311e-307
20.3686 19.9596 -0.409019     0 2.49311e-307 2.49311e-307
18.5034 19.8244 1.32097     0 2.49311e-307 2.49311e-307
19.1313 22.1876 3.05632     0 2.49311e-307 2.49311e-307
23.0333 26.7273 3.69398     0 2.49311e-307 2.49311e-307
29.438 31.8335 2.39553     0 2.49311e-307 2.49311e-307
35.4234 36.1813 0.75788     0 2.49311e-307 2.49311e-307
39.2063 39.2254 0.0190783     0 2.49311e-307 2.49311e-307
41.1115 40.8516 -0.259899     0 2.49311e-307 2.49311e-307
41.8769 41.2809 -0.595974     0 2.49311e-307 2.49311e-307
42.0064 41.0248 -0.981562     0 2.49311e-307 2.49311e-307
41.8568 40.8321 -1.02471     0 2.49311e-307 2.49311e-307
41.8365 41.5592 -0.277263     0 2.49311e-307 2.49311e-307
42.3436 43.5528 1.20921     0 2.49311e-307 2.49311e-307
43.2515 45.7158 2.46423     0 2.49311e-307 2.49311e-307
43.8793 46.1214 2.24212     0 2.49311e-307 2.49311e-307
43.8482 44.5252 0.677005     0 2.49311e-307 2.49311e-307
43.2206 42.0948 -1.12581     0 2.49311e-307 2.49311e-307
42.1746 39.8295 -2.34507     0 2.49311e-307 2.49311e-307
40.9928 38.149 -2.84382     0 2.49311e-307 2.49311e-307
39.9484 36.859 -3.08932     0 2.49311e-307 2.49311e-307
38.946 35.2262 -3.71986     0 2.49311e-307 2.49311e-307
37.3539 32.6318 -4.72209     0 2.49311e-307 2.49311e-307
34.485 29.4797 -5.00527     0 2.49311e-307 2.49311e-307
30.6627 26.7862 -3.87652     0 2.49311e-307 2.49311e-307
27.3581 25.3761 -1.982     0 2.49311e-307 2.49311e-307
25.948 25.6772 -0.270862     0 2.49311e-307 2.49311e-307
26.8969 27.493 0.596126     0 2.49311e-307 2.49311e-307
29.6592 30.1657 0.506531     0 2.49311e-307 2.49311e-307
33.1434 33.2128 0.0694291     0 2.49311e-307 2.49311e-307
36.5496 36.5826 0.0329224     0 2.49311e-307 2.49311e-307
39.5351 40.0373 0.502249     0 2.49311e-307 2.49311e-307
41.7044 42.7908 1.08639     0 2.49311e-307 2.49311e-307
42.9117 44.4897 1.57797     0 2.49311e-307 2.49311e-307
43.4896 45.5103 2.02072     0 2.49311e-307 2.49311e-307
43.8104 46.4678 2.65736     0 2.49311e-307 2.49311e-307
44.1106 47.7499 3.63934     0 2.49311e-307 2.49311e-307
44.4568 49.227 4.77021     0 2.49311e-307 2.49311e-307
44.7644 50.1978 5.43338     0 2.49311e-307 2.49311e-307
44.8861 49.5357 4.64961     0 2.49311e-307 2.49311e-307
44.6438 46.6682 2.0244     0 2.49311e-307 2.49311e-307
43.816 42.4922 -1.32382     0 2.49311e-307 2.49311e-307
42.1524 38.1206 -4.03183     0 2.49311e-307 2.49311e-307
39.4844 34.0426 -5.44184     0 2.49311e-307 2.49311e-307
35.8682 30.2878 -5.5804     0 2.49311e-307 2.49311e-307
31.5242 26.7529 -4.77129     0 2.49311e-307 2.49311e-307
26.8038 23.4447 -3.35906     0 2.49311e-307 2.49311e-307
22.2898 20.5322 -1.75764     0 2.49311e-307 2.49311e-307
18.635 18.3508 -0.284221     0 2.49311e-307 2.49311e-307
16.3755 17.5492 1.17367     0 2.49311e-307 2.49311e-307
16.1476 19.129 2.98139     0 2.49311e-307 2.49311e-307
18.9501 23.4349 4.48481     0 2.49311e-307 2.49311e-307
25.1461 28.966 3.81981     0 2.49311e-307 2.49311e-307
32.275 33.8064 1.53142     0 2.49311e-307 2.49311e-307
37.207 37.0785 -0.128558     0 2.49311e-307 2.49311e-307
39.6752 38.734 -0.941149     0 2.49311e-307 2.49311e-307
40.6266 39.0919 -1.53475     0 2.49311e-307 2.49311e-307
40.7292 38.6374 -2.09185     0 2.49311e-307 2.49311e-307
40.3825 38.0378 -2.34476     0 2.49311e-307 2.49311e-307
40.0417 38.1888 -1.8529     0 2.49311e-307 2.49311e-307
40.3483 39.8299 -0.518395     0 2.49311e-307 2.49311e-307
41.5479 42.57 1.02214     0 2.49311e-307 2.49311e-307
42.863 44.5648 1.70186     0 2.49311e-307 2.49311e-307
43.4745 44.7318 1.25726     0 2.49311e-307 2.49311e-307
43.4248 43.8094 0.384589     0 2.49311e-307 2.49311e-307
43.0583 42.8328 -0.225524     0 2.49311e-307 2.49311e-307
42.6935 42.3649 -0.328659     0 2.49311e-307 2.49311e-307
42.5393 42.3634 -0.175953     0 2.49311e-307 2.49311e-307
42.5429 42.1745 -0.368396     0 2.49311e-307 2.49311e-307
42.3589 40.7687 -1.59026     0 2.49311e-307 2.49311e-307
41.441 37.7797 -3.66131     0 2.49311e-307 2.49311e-307
39.3219 34.2583 -5.06363     0 2.49311e-307 2.49311e-307
36.2352 31.3227 -4.91254     0 2.49311e-307 2.49311e-307
33.1957 29.4144 -3.78125     0 2.49311e-307 2.49311e-307
31.0812 28.4089 -2.67236     0 2.49311e-307 2.49311e-307
29.9337 27.8606 -2.07315     0 2.49311e-307 2.49311e-307
29.2471 27.4221 -1.82498     0 2.49311e-307 2.49311e-307
28.6998 27.2512 -1.44861     0 2.49311e-307 2.49311e-307
28.7235 28.1872 -0.536271     0 2.49311e-307 2.49311e-307
30.5244 31.0763 0.551887     0 2.49311e-307 2.49311e-307
34.4507 35.1634 0.712611     0 2.49311e-307 2.49311e-307
38.4755 38.9619 0.486413     0 2.49311e-307 2.49311e-307
41.1047 41.9391 0.834426     0 2.49311e-307 2.49311e-307
42.5878 44.2056 1.6178     0 2.49311e-307 2.49311e-307
43.4475 45.9416 2.49413     0 2.49311e-307 2.49311e-307
43.9753 47.2603 3.28498     0 2.49311e-307 2.49311e-307
44.314 48.317 4.003     0 2.49311e-307 2.49311e-307
44.563 49.4248 4.86175     0 2.49311e-307 2.49311e-307
44.8047 50.6026 5.79792     0 2.49311e-307 2.49311e-307
44.9868 50.5967 5.60991     0 2.49311e-307 2.49311e-307
44.883 48.3057 3.42273     0 2.49311e-307 2.49311e-307
44.2889 44.3569 0.0680641     0 2.49311e-307 2.49311e-307
42.9678 39.7742 -3.19352     0 2.49311e-307 2.49311e-307
40.5813 35.2006 -5.38072     0 2.49311e-307 2.49311e-307
36.9259 30.9512 -5.9747     0 2.49311e-307 2.49311e-307
32.2699 27.1297 -5.14024     0 2.49311e-307 2.49311e-307
27.2848 23.6984 -3.5864     0 2.49311e-307 2.49311e-307
22.5989 20.6432 -1.95566     0 2.49311e-307 2.49311e-307
18.6977 18.1831 -0.51464     0 2.49311e-307 2.49311e-307
16.0308 16.811 0.780235     0 2.49311e-307 2.49311e-307
15.0491 17.4128 2.36371     0 2.49311e-307 2.49311e-307
16.5988 20.9098 4.311     0 2.49311e-307 2.49311e-307
21.7471 26.4913 4.74421     0 2.49311e-307 2.49311e-307
29.2658 31.8131 2.54734     0 2.49311e-307 2.49311e-307
35.2993 35.5449 0.245616     0 2.49311e-307 2.49311e-307
38.5232 37.5606 -0.962555     0 2.49311e-307 2.49311e-307
39.858 38.1639 -1.69412     0 2.49311e-307 2.49311e-307
40.1261 37.8028 -2.32333     0 2.49311e-307 2.49311e-307
39.7854 37.0615 -2.7239     0 2.49311e-307 2.49311e-307
39.2555 36.7498 -2.50571     0 2.49311e-307 2.49311e-307
39.2005 37.7969 -1.40353     0 2.49311e-307 2.49311e-307
40.2332 40.4048 0.171576     0 2.49311e-307 2.49311e-307
41.8979 43.157 1.25911     0 2.49311e-307 2.49311e-307
43.0399 44.4259 1.38596     0 2.49311e-307 2.49311e-307
43.3912 44.3628 0.971639     0 2.49311e-307 2.49311e-307
43.3209 43.9448 0.623988     0 2.49311e-307 2.49311e-307
43.184 43.8647 0.680618     0 2.49311e-307 2.49311e-307
43.1967 44.2601 1.0634     0 2.49311e-307 2.49311e-307
43.3621 44.7132 1.35104     0 2.49311e-307 2.49311e-307
43.4776 44.3119 0.834303     0 2.49311e-307 2.49311e-307
43.1957 42.1104 -1.08533     0 2.49311e-307 2.49311e-307
42.0738 38.5538 -3.51998     0 2.49311e-307 2.49311e-307
39.8775 34.9693 -4.90818     0 2.49311e-307 2.49311e-307
36.9584 32.0738 -4.88455     0 2.49311e-307 2.49311e-307
34.0472 29.912 -4.13518     0 2.49311e-307 2.49311e-307
31.5446 28.1655 -3.37911     0 2.49311e-307 2.49311e-307
29.2928 26.5175 -2.77527     0 2.49311e-307 2.49311e-307
27.0494 24.9641 -2.08525     0 2.49311e-307 2.49311e-307
25.0136 23.9831 -1.03045     0 2.49311e-307 2.49311e-307
24.0911 24.6084 0.517361     0 2.49311e-307 2.49311e-307
25.7371 27.6209 1.88376     0 2.49311e-307 2.49311e-307
30.3494 32.0827 1.73321     0 2.49311e-307 2.49311e-307
35.6556 36.4122 0.756571     0 2.49311e-307 2.49311e-307
39.4376 39.9057 0.468147     0 2.49311e-307 2.49311e-307
41.606 42.4673 0.861329     0 2.49311e-307 2.49311e-307
42.7706 44.1468 1.3762     0 2.49311e-307 2.49311e-307
43.3655 45.0662 1.70069     0 2.49311e-307 2.49311e-307
43.6402 45.5395 1.89922     0 2.49311e-307 2.49311e-307
43.7915 46.1875 2.39602     0 2.49311e-307 2.49311e-307
44.0319 47.5603 3.52844     0 2.49311e-307 2.49311e-307
44.4196 48.9779 4.55832     0 2.49311e-307 2.49311e-307
44.6647 48.635 3.97032     0 2.49311e-307 2.49311e-307
44.4591 46.0396 1.58046     0 2.49311e-307 2.49311e-307
43.643 42.1789 -1.46413     0 2.49311e-307 2.49311e-307
42.025 38.0476 -3.97746     0 2.49311e-307 2.49311e-307
39.4638 34.2067 -5.25711     0 2.49311e-307 2.49311e-307
36.1132 30.8328 -5.28033     0 2.49311e-307 2.49311e-307
32.3469 27.7668 -4.58014     0 2.49311e-307 2.49311e-307
28.3272 24.7491 -3.57807     0 2.49311e-307 2.49311e-307
24.1354 21.8938 -2.24169     0 2.49311e-307 2.49311e-307
20.3998 19.706 -0.693848     0 2.49311e-307 2.49311e-307
17.9957 18.9098 0.914083     0 2.49311e-307 2.49311e-307
17.7243 20.435 2.71072     0 2.49311e-307 2.49311e-307
20.5357 24.5471 4.01131     0 2.49311e-307 2.49311e-307
26.5594 29.8318 3.27247     0 2.49311e-307 2.49311e-307
33.2704 34.5668 1.29648     0 2.49311e-307 2.49311e-307
37.9195 37.9712 0.0517031     0 2.49311e-307 2.49311e-307
40.348 39.8965 -0.451496     0 2.49311e-307 2.49311e-307
41.3771 40.5242 -0.85291     0 2.49311e-307 2.49311e-307
41.6133 40.2973 -1.31602     0 2.49311e-307 2.49311e-307
41.4407 39.8859 -1.5548     0 2.49311e-307 2.49311e-307
41.2587 40.1622 -1.09646     0 2.49311e-307 2.49311e-307
41.5724 41.7974 0.225026     0 2.49311e-307 2.49311e-307
42.529 44.2792 1.75022     0 2.49311e-307 2.49311e-307
43.4782 45.6928 2.2146     0 2.49311e-307 2.49311e-307
43.7897 45.0487 1.25901     0 2.49311e-307 2.49311e-307
43.4642 43.2076 -0.256596     0 2.49311e-307 2.49311e-307
42.7241 41.2816 -1.44247     0 2.49311e-307 2.49311e-307
41.8517 39.8754 -1.97633     0 2.49311e-307 2.49311e-307
41.132 38.9857 -2.14634     0 2.49311e-307 2.49311e-307
40.5873 37.9771 -2.61021     0 2.49311e-307 2.49311e-307
39.7665 35.9597 -3.80682     0 2.49311e-307 2.49311e-307
37.9156 32.869 -5.04664     0 2.49311e-307 2.49311e-307
34.7189 29.718 -5.00091     0 2.49311e-307 2.49311e-307
31.0826 27.4828 -3.59974     0 2.49311e-307 2.49311e-307
28.5101 26.6714 -1.83864     0 2.49311e-307 2.49311e-307
27.8636 27.2475 -0.616131     0 2.49311e-307 2.49311e-307
28.9631 28.7034 -0.259621     0 2.49311e-307 2.49311e-307
31.0101 30.5531 -0.456983     0 2.49311e-307 2.49311e-307
33.3835 32.8333 -0.550244     0 2.49311e-307 2.49311e-307
36.0823 35.939 -0.143289     0 2.49311e-307 2.49311e-307
39.0423 39.4702 0.427881     0 2.49311e-307 2.49311e-307
41.4008 42.3692 0.968361     0 2.49311e-307 2.49311e-307
42.7543 44.341 1.58675     0 2.49311e-307 2.49311e-307
43.4679 45.7726 2.30477     0 2.22731e-314 2.22731e-314
43.9194 47.1081 3.18865     0 2.22766e-314 2.22766e-314
44.2936 48.5194 4.22586     0 2.228e-314 2.228e-314
44.6267 49.891 5.26436     0 2.22835e-314 2.22835e-314
44.888 50.8404 5.95239     0 2.22869e-314 2.22869e-314
45.0088 50.4228 5.41396     0 0 0
44.8338 47.7966 2.96282     0 2.49311e-307 2.49311e-307
44.1434 43.6728 -0.470605     0 0 0
42.6848 39.1518 -3.53299     0 2.49311e-307 2.49311e-307
40.1884 34.7608 -5.42757     0 0 0
36.5238 30.6354 -5.88839     0 2.49311e-307 2.49311e-307
31.8772 26.8079 -5.06926     0 5.70942e-319 5.70942e-319
26.8173 23.3302 -3.48716     0 1.15611e-319 1.15611e-319
22.092 20.2999 -1.79201     0 2.23066e-314 2.23066e-314
18.2933 17.9455 -0.347771     0 2.23101e-314 2.23101e-314
15.8187 16.792 0.973276     0 2.23136e-314 2.23136e-314
15.1391 17.7839 2.64482     0 2.2317e-314 2.2317e-314
17.1601 21.6425 4.48239     0 2.23204e-314 2.23204e-314
22.7459 27.2632 4.5173     0 0 0
30.228 32.4298 2.20175     0 2.49311e-307 2.49311e-307
35.9048 35.9618 0.0569636     0 0 0
38.834 37.7785 -1.05547     0 2.49311e-307 2.49311e-307
39.9889 38.2228 -1.76604     0 0 0
40.1511 37.7708 -2.3803     0 2.49311e-307 2.49311e-307
39.7586 37.0388 -2.71985     0 1.08319e-318 1.08319e-318
39.2561 36.8752 -2.38099     0 6.27859e-319 6.27859e-319
39.3355 38.1538 -1.18169     0 0 0
40.5003 40.882 0.381657     0 2.23436e-314 2.23436e-314
42.1331 43.4816 1.34847     0 2.2347e-314 2.2347e-314
43.1445 44.4893 1.34484     0 2.23505e-314 2.23505e-314
43.3989 44.2764 0.877461     0 2.23539e-314 2.23539e-314
43.2853 43.837 0.551671     0 2.23574e-314 2.23574e-314
43.1456 43.7969 0.65129     0 2.49311e-307 2.49311e-307
43.1738 44.2122 1.03844     0 0 0
43.341 44.5847 1.24368     0 2.49311e-307 2.49311e-307
43.417 43.9514 0.534407     0 0 0
43.0311 41.4869 -1.5442     0 2.49311e-307 2.49311e-307
41.7372 37.8611 -3.87613     0 1.59544e-318 1.59544e-318
39.3723 34.3732 -4.99908     0 5.69164e-320 5.69164e-320
36.3995 31.6319 -4.76753     0 2.23742e-314 2.23742e-314
33.5666 29.6084 -3.95819     0 2.23776e-314 2.23776e-314
31.1842 27.9539 -3.2303     0 2.23811e-314 2.23811e-314
29.0276 26.3731 -2.65458     0 2.23845e-314 2.23845e-314
26.8759 24.9206 -1.95528     0 2.2388e-314 2.2388e-314
25.0129 24.1619 -0.851079     0 2.49311e-307 2.49311e-307
24.4594 25.1856 0.726239     0 0 0
26.659 28.553 1.89402     0 2.49311e-307 2.49311e-307
31.5677 33.061 1.49323     0 0 0
36.6228 37.2378 0.615018     0 2.49311e-307 2.49311e-307
40.0178 40.5449 0.527134     0 0 0
41.9311 42.9441 1.01304     0 2.49311e-307 2.49311e-307
42.9584 44.4982 1.53986     0 2.24646e-314 2.24646e-314
43.4834 45.3452 1.86186     0 0 0
43.7301 45.8368 2.10668     0 0 0
43.8905 46.6177 2.72719     0 2.2578e-314 2.2578e-314
44.1612 48.0905 3.9293     0 5.33591e-321 5.33591e-321
44.5353 49.2453 4.70996     0 2.26537e-314 2.26537e-314
44.693 48.361 3.66793     0 0 0
44.3674 45.3632 0.995732     0 0 0
43.3975 41.33 -2.06751     0 2.2767e-314 2.2767e-314
41.5711 37.1683 -4.40279     0 5.33591e-321 5.33591e-321
38.7716 33.3535 -5.41802     0 2.28427e-314 2.28427e-314
35.2133 29.9983 -5.21494     0 0 0
31.2833 26.9104 -4.37296     0 0 0
27.1328 23.8855 -3.24734     0 2.29561e-314 2.29561e-314
22.954 21.1271 -1.82685     0 5.33591e-321 5.33591e-321
19.4609 19.1725 -0.288401     0 2.30318e-314 2.30318e-314
17.4671 18.7955 1.32843     0 2.49311e-307 2.49311e-307
17.7782 20.9218 3.14364     0 2.49311e-307 2.49311e-307
21.3513 25.4997 4.14836     0 0 0
27.882 30.8285 2.94656     0 2.24424e-314 2.24424e-314
34.3661 35.3143 0.948204     0 1.02627e-318 1.02627e-318
38.5058 38.3639 -0.141812     0 5.14026e-319 5.14026e-319
40.5606 39.9373 -0.623252     0 5.69164e-320 5.69164e-320
41.3644 40.2938 -1.07061     0 2.24528e-314 2.24528e-314
41.4633 39.928 -1.5353     0 2.49311e-307 2.49311e-307
41.225 39.5581 -1.66687     0 2.49311e-307 2.49311e-307


 RMSE:  0.0308138
 NMSE:  0.250429
Test
41.8326 42.101 0.268365     0 2.49311e-307 2.49311e-307
42.6496 44.4741 1.82455     0 2.49311e-307 2.49311e-307
43.5522 46.0003 2.44811     0 2.49311e-307 2.49311e-307
43.8905 45.3966 1.50613     0 2.49311e-307 2.49311e-307
43.5723 43.3691 -0.203189     0 2.49311e-307 2.49311e-307
42.7634 41.1003 -1.6631     0 2.49311e-307 2.49311e-307
41.7096 39.2931 -2.41646     0 2.49311e-307 2.49311e-307
40.7202 38.0487 -2.67153     0 2.49311e-307 2.49311e-307
39.9073 36.8438 -3.06348     0 2.49311e-307 2.49311e-307
38.8848 34.8347 -4.05011     0 2.49311e-307 2.49311e-307
36.8828 31.8397 -5.0431     0 2.49311e-307 2.49311e-307
33.545 28.7386 -4.80642     0 2.49311e-307 2.49311e-307
29.7957 26.5207 -3.27505     0 2.49311e-307 2.49311e-307
27.2072 25.8041 -1.40311     0 2.49311e-307 2.49311e-307
26.7525 26.6872 -0.0652202     0 2.49311e-307 2.49311e-307
28.3624 28.6883 0.325924     0 2.49311e-307 2.49311e-307
31.1783 31.2121 0.0337696     0 2.49311e-307 2.49311e-307
34.3082 34.0963 -0.211899     0 2.49311e-307 2.49311e-307
37.3945 37.4651 0.0705797     0 2.49311e-307 2.49311e-307
40.17 40.8193 0.649365     0 2.49311e-307 2.49311e-307
42.0877 43.3158 1.22817     0 2.49311e-307 2.49311e-307
43.1058 44.863 1.75721     0 2.49311e-307 2.49311e-307
43.6185 45.9583 2.33986     0 2.49311e-307 2.49311e-307
43.9597 47.1233 3.16361     0 2.49311e-307 2.49311e-307
44.2954 48.5311 4.23563     0 2.49311e-307 2.49311e-307
44.631 49.8984 5.26743     0 2.49311e-307 2.49311e-307
44.879 50.4913 5.61222     0 2.49311e-307 2.49311e-307
44.9128 49.2243 4.31149     0 2.49311e-307 2.49311e-307
44.5463 45.8691 1.32278     0 2.49311e-307 2.49311e-307
43.544 41.5237 -2.02028     0 2.49311e-307 2.49311e-307
41.6492 37.1346 -4.5146     0 2.49311e-307 2.49311e-307
38.7003 33.0324 -5.66787     0 2.49311e-307 2.49311e-307
34.7579 29.2136 -5.5443     0 2.49311e-307 2.49311e-307
30.1006 25.6399 -4.4607     0 2.49311e-307 2.49311e-307
25.2481 22.3772 -2.87098     0 2.49311e-307 2.49311e-307
20.876 19.6047 -1.27126     0 2.49311e-307 2.49311e-307
17.5567 17.6869 0.130194     0 2.49311e-307 2.49311e-307
15.7516 17.3584 1.6068     0 2.49311e-307 2.49311e-307
16.1441 19.6229 3.47876     0 2.49311e-307 2.49311e-307
19.7741 24.461 4.68691     0 2.49311e-307 2.49311e-307
26.5779 30.0304 3.45244     0 2.49311e-307 2.49311e-307
33.4744 34.5361 1.06178     0 2.49311e-307 2.49311e-307
37.7939 37.3537 -0.440165     0 2.49311e-307 2.49311e-307
39.8116 38.5969 -1.21461     0 2.49311e-307 2.49311e-307
40.4904 38.655 -1.83539     0 2.49311e-307 2.49311e-307
40.4157 38.052 -2.36371     0 2.49311e-307 2.49311e-307
39.9755 37.508 -2.46752     0 2.49311e-307 2.49311e-307
39.6934 37.9449 -1.74845     0 2.49311e-307 2.49311e-307
40.2363 39.9556 -0.280749     0 2.49311e-307 2.49311e-307
41.6417 42.7845 1.14277     0 2.49311e-307 2.49311e-307
42.9316 44.515 1.5834     0 2.49311e-307 2.49311e-307
43.4399 44.5384 1.09844     0 2.49311e-307 2.49311e-307
43.3625 43.7638 0.401303     0 2.49311e-307 2.49311e-307
43.0669 43.1173 0.0504082     0 2.49311e-307 2.49311e-307
42.8496 43.0056 0.155965     0 2.49311e-307 2.49311e-307
42.8452 43.2329 0.387748     0 2.49311e-307 2.49311e-307
42.9238 43.0352 0.111368     0 2.49311e-307 2.49311e-307
42.7266 41.3786 -1.34806     0 2.49311e-307 2.49311e-307
41.7444 38.1596 -3.58481     0 2.49311e-307 2.49311e-307
39.5986 34.5994 -4.99918     0 2.49311e-307 2.49311e-307
36.5871 31.6948 -4.8923     0 2.49311e-307 2.49311e-307
33.635 29.7294 -3.90554     0 2.49311e-307 2.49311e-307
31.4302 28.474 -2.95616     0 2.49311e-307 2.49311e-307
29.9025 27.4983 -2.40417     0 2.49311e-307 2.49311e-307
28.6089 26.581 -2.02791     0 2.49311e-307 2.49311e-307
27.4172 26.022 -1.3952     0 2.49311e-307 2.49311e-307
26.9683 26.7613 -0.207021     0 2.49311e-307 2.49311e-307
28.6336 29.6559 1.02225     0 2.49311e-307 2.49311e-307
32.8305 33.8868 1.05625     0 2.49311e-307 2.49311e-307
37.3807 37.9103 0.52966     0 2.49311e-307 2.49311e-307
40.4655 41.1182 0.652743     0 2.49311e-307 2.49311e-307
42.2193 43.5388 1.31951     0 2.49311e-307 2.49311e-307
43.2071 45.2993 2.0922     0 2.49311e-307 2.49311e-307
43.7742 46.504 2.72974     0 2.49311e-307 2.49311e-307
44.1019 47.3579 3.25601     0 2.49311e-307 2.49311e-307
44.3247 48.3053 3.9806     0 2.49311e-307 2.49311e-307
44.5725 49.6264 5.05389     0 2.49311e-307 2.49311e-307
44.8346 50.285 5.45037     0 2.49311e-307 2.49311e-307
44.8649 48.7736 3.90872     0 2.49311e-307 2.49311e-307
44.4345 45.2947 0.860187     0 2.49311e-307 2.49311e-307
43.3433 40.9119 -2.43134     0 2.49311e-307 2.49311e-307
41.295 36.4214 -4.87364     0 2.49311e-307 2.49311e-307
38.0706 32.2358 -5.83476     0 2.49311e-307 2.49311e-307
33.8502 28.4907 -5.3595     0 2.49311e-307 2.49311e-307
29.1828 25.1114 -4.07149     0 2.49311e-307 2.49311e-307
24.5647 22.0052 -2.55948     0 2.49311e-307 2.49311e-307
20.4175 19.3505 -1.06701     0 2.49311e-307 2.49311e-307
17.2991 17.609 0.309855     0 2.49311e-307 2.49311e-307
15.7459 17.5671 1.82119     0 2.49311e-307 2.49311e-307
16.5015 20.2267 3.72518     0 2.49311e-307 2.49311e-307
20.6594 25.3581 4.69869     0 2.49311e-307 2.49311e-307
27.7857 30.8621 3.07639     0 2.49311e-307 2.49311e-307
34.3626 35.0885 0.72592     0 2.49311e-307 2.49311e-307
38.2307 37.6464 -0.584321     0 2.49311e-307 2.49311e-307
39.993 38.7095 -1.2835     0 2.49311e-307 2.49311e-307
40.5476 38.6603 -1.88726     0 2.49311e-307 2.49311e-307
40.4128 38.0355 -2.37726     0 2.49311e-307 2.49311e-307
39.9723 37.5801 -2.39216     0 2.49311e-307 2.49311e-307
39.7747 38.2262 -1.54848     0 2.49311e-307 2.49311e-307


 RMSE:  0.032049
 NMSE:  0.259873

 ------------------------------ 3  1008  0.0308138  0.032049
Train
39.8042 41.9321 2.12786     0 2.49311e-307 2.49311e-307
42.8109 43.969 1.15811     0 2.49311e-307 2.49311e-307
44.2162 44.4458 0.229627     0 2.49311e-307 2.49311e-307
44.2516 44.1912 -0.0604594     0 2.49311e-307 2.49311e-307
43.9596 44.0608 0.101199     0 2.49311e-307 2.49311e-307
44.0416 44.4053 0.363664     0 2.49311e-307 2.49311e-307
44.6 45.0148 0.414797     0 2.49311e-307 2.49311e-307
45.1574 45.1872 0.0298299     0 2.49311e-307 2.49311e-307
44.7442 43.8619 -0.882295     0 2.49311e-307 2.49311e-307
42.3509 40.7294 -1.62151     0 2.49311e-307 2.49311e-307
38.4855 36.9817 -1.50379     0 2.49311e-307 2.49311e-307
34.6931 33.6742 -1.01887     0 2.49311e-307 2.49311e-307
31.7574 31.0909 -0.666431     0 2.49311e-307 2.49311e-307
29.6323 29.0249 -0.607366     0 2.49311e-307 2.49311e-307
27.9613 27.1387 -0.822568     0 2.49311e-307 2.49311e-307
26.4765 25.3024 -1.17408     0 2.49311e-307 2.49311e-307
25.1793 23.7704 -1.40895     0 2.49311e-307 2.49311e-307
24.3493 23.3098 -1.03947     0 2.49311e-307 2.49311e-307
24.5764 25.0253 0.448915     0 2.49311e-307 2.49311e-307
26.5795 28.9614 2.38185     0 2.49311e-307 2.49311e-307
30.3318 33.5982 3.26635     0 2.49311e-307 2.49311e-307
34.7125 37.6799 2.96743     0 2.49311e-307 2.49311e-307
38.6149 40.8107 2.19578     0 2.49311e-307 2.49311e-307
41.5509 42.9542 1.40334     0 2.49311e-307 2.49311e-307
43.4313 44.1838 0.752485     0 2.49311e-307 2.49311e-307
44.3869 44.7194 0.332452     0 2.49311e-307 2.49311e-307
44.7879 45.0584 0.270482     0 2.49311e-307 2.49311e-307
45.3281 45.9408 0.61269     0 2.49311e-307 2.49311e-307
46.6879 47.5926 0.904748     0 2.49311e-307 2.49311e-307
48.3871 48.7023 0.315212     0 2.49311e-307 2.49311e-307
48.612 47.6375 -0.974563     0 2.49311e-307 2.49311e-307
46.4584 44.5928 -1.86552     0 2.49311e-307 2.49311e-307
42.6479 40.7048 -1.94307     0 2.49311e-307 2.49311e-307
38.3725 36.8329 -1.53954     0 2.49311e-307 2.49311e-307
34.503 33.3873 -1.11568     0 2.49311e-307 2.49311e-307
31.35 30.3767 -0.973321     0 2.49311e-307 2.49311e-307
28.7449 27.487 -1.25791     0 2.49311e-307 2.49311e-307
26.3878 24.518 -1.86978     0 2.49311e-307 2.49311e-307
24.3034 21.797 -2.50637     0 2.49311e-307 2.49311e-307
22.7671 19.9596 -2.80749     0 2.49311e-307 2.49311e-307
22.044 19.8244 -2.21958     0 2.49311e-307 2.49311e-307
22.5088 22.1876 -0.321198     0 2.49311e-307 2.49311e-307
24.6713 26.7273 2.05602     0 2.49311e-307 2.49311e-307
28.5335 31.8335 3.30009     0 2.49311e-307 2.49311e-307
33.0704 36.1813 3.11089     0 2.49311e-307 2.49311e-307
37.0125 39.2254 2.21295     0 2.49311e-307 2.49311e-307
39.6168 40.8516 1.23482     0 2.49311e-307 2.49311e-307
40.7638 41.2809 0.517086     0 2.49311e-307 2.49311e-307
40.8216 41.0248 0.203175     0 2.49311e-307 2.49311e-307
40.4691 40.8321 0.363044     0 2.49311e-307 2.49311e-307
40.6113 41.5592 0.947886     0 2.49311e-307 2.49311e-307
42.0507 43.5528 1.50211     0 2.49311e-307 2.49311e-307
44.5396 45.7158 1.17617     0 2.49311e-307 2.49311e-307
46.1848 46.1214 -0.0633857     0 2.49311e-307 2.49311e-307
45.5542 44.5252 -1.02904     0 2.49311e-307 2.49311e-307
43.2771 42.0948 -1.1823     0 2.49311e-307 2.49311e-307
40.627 39.8295 -0.79747     0 2.49311e-307 2.49311e-307
38.4448 38.149 -0.295745     0 2.49311e-307 2.49311e-307
36.8987 36.859 -0.0396803     0 2.49311e-307 2.49311e-307
35.4919 35.2262 -0.265757     0 2.49311e-307 2.49311e-307
33.4321 32.6318 -0.800239     0 2.49311e-307 2.49311e-307
30.6329 29.4797 -1.1532     0 2.49311e-307 2.49311e-307
27.9761 26.7862 -1.18992     0 2.49311e-307 2.49311e-307
26.2253 25.3761 -0.849198     0 2.49311e-307 2.49311e-307
25.6941 25.6772 -0.0168998     0 2.49311e-307 2.49311e-307
26.4351 27.493 1.05788     0 2.49311e-307 2.49311e-307
28.247 30.1657 1.91871     0 2.49311e-307 2.49311e-307
30.7806 33.2128 2.43224     0 2.49311e-307 2.49311e-307
33.8716 36.5826 2.71092     0 2.49311e-307 2.49311e-307
37.4998 40.0373 2.53749     0 2.49311e-307 2.49311e-307
41.0104 42.7908 1.78037     0 2.49311e-307 2.49311e-307
43.4965 44.4897 0.993236     0 2.49311e-307 2.49311e-307
44.9344 45.5103 0.575873     0 2.49311e-307 2.49311e-307
45.927 46.4678 0.540816     0 2.49311e-307 2.49311e-307
47.0734 47.7499 0.676539     0 2.49311e-307 2.49311e-307
48.539 49.227 0.687997     0 2.49311e-307 2.49311e-307
49.9018 50.1978 0.295979     0 2.49311e-307 2.49311e-307
50.2572 49.5357 -0.721479     0 2.49311e-307 2.49311e-307
48.5729 46.6682 -1.90461     0 2.49311e-307 2.49311e-307
44.7884 42.4922 -2.2963     0 2.49311e-307 2.49311e-307
40.0719 38.1206 -1.9513     0 2.49311e-307 2.49311e-307
35.5488 34.0426 -1.50623     0 2.49311e-307 2.49311e-307
31.6661 30.2878 -1.37827     0 2.49311e-307 2.49311e-307
28.4141 26.7529 -1.66123     0 2.49311e-307 2.49311e-307
25.7124 23.4447 -2.26766     0 2.49311e-307 2.49311e-307
23.5557 20.5322 -3.02353     0 2.49311e-307 2.49311e-307
21.9758 18.3508 -3.62496     0 2.49311e-307 2.49311e-307
21.0585 17.5492 -3.50926     0 2.49311e-307 2.49311e-307
21.0717 19.129 -1.94274     0 2.49311e-307 2.49311e-307
22.5734 23.4349 0.861494     0 2.49311e-307 2.49311e-307
25.9757 28.966 2.99027     0 2.49311e-307 2.49311e-307
30.5346 33.8064 3.27182     0 2.49311e-307 2.49311e-307
34.6579 37.0785 2.42059     0 2.49311e-307 2.49311e-307
37.3283 38.734 1.40577     0 2.49311e-307 2.49311e-307
38.4414 39.0919 0.650478     0 2.49311e-307 2.49311e-307
38.3723 38.6374 0.265074     0 2.49311e-307 2.49311e-307
37.7221 38.0378 0.315655     0 2.49311e-307 2.49311e-307
37.3239 38.1888 0.864912     0 2.49311e-307 2.49311e-307
38.145 39.8299 1.68486     0 2.49311e-307 2.49311e-307
40.6084 42.57 1.96159     0 2.49311e-307 2.49311e-307
43.4911 44.5648 1.07371     0 2.49311e-307 2.49311e-307
44.7587 44.7318 -0.0269263     0 2.49311e-307 2.49311e-307
44.2703 43.8094 -0.460927     0 2.49311e-307 2.49311e-307
43.1412 42.8328 -0.308386     0 2.49311e-307 2.49311e-307
42.2935 42.3649 0.0713692     0 2.49311e-307 2.49311e-307
42.0553 42.3634 0.308095     0 2.49311e-307 2.49311e-307
42.0752 42.1745 0.0993331     0 2.49311e-307 2.49311e-307
41.3971 40.7687 -0.628458     0 2.49311e-307 2.49311e-307
39.049 37.7797 -1.26935     0 2.49311e-307 2.49311e-307
35.476 34.2583 -1.21765     0 2.49311e-307 2.49311e-307
32.1415 31.3227 -0.81877     0 2.49311e-307 2.49311e-307
29.8293 29.4144 -0.414858     0 2.49311e-307 2.49311e-307
28.5408 28.4089 -0.131945     0 2.49311e-307 2.49311e-307
27.906 27.8606 -0.0454445     0 2.49311e-307 2.49311e-307
27.5097 27.4221 -0.0875677     0 2.49311e-307 2.49311e-307
27.2058 27.2512 0.0454239     0 2.49311e-307 2.49311e-307
27.3467 28.1872 0.840534     0 2.49311e-307 2.49311e-307
28.789 31.0763 2.28726     0 2.49311e-307 2.49311e-307
32.0612 35.1634 3.10212     0 2.49311e-307 2.49311e-307
36.2043 38.9619 2.75762     0 2.49311e-307 2.49311e-307
39.9144 41.9391 2.02468     0 2.49311e-307 2.49311e-307
42.8014 44.2056 1.40415     0 2.49311e-307 2.49311e-307
44.9865 45.9416 0.955076     0 2.49311e-307 2.49311e-307
46.6247 47.2603 0.63551     0 2.49311e-307 2.49311e-307
47.8513 48.317 0.46571     0 2.49311e-307 2.49311e-307
48.9135 49.4248 0.511288     0 2.49311e-307 2.49311e-307
50.1075 50.6026 0.495122     0 2.49311e-307 2.49311e-307
50.9239 50.5967 -0.327114     0 2.49311e-307 2.49311e-307
49.9243 48.3057 -1.61863     0 2.49311e-307 2.49311e-307
46.69 44.3569 -2.33308     0 2.49311e-307 2.49311e-307
42.0408 39.7742 -2.26657     0 2.49311e-307 2.49311e-307
37.0611 35.2006 -1.86047     0 2.49311e-307 2.49311e-307
32.5493 30.9512 -1.59816     0 2.49311e-307 2.49311e-307
28.8491 27.1297 -1.71937     0 2.49311e-307 2.49311e-307
25.9459 23.6984 -2.24744     0 2.49311e-307 2.49311e-307
23.6857 20.6432 -3.04249     0 2.49311e-307 2.49311e-307
21.9862 18.1831 -3.8031     0 2.49311e-307 2.49311e-307
20.8813 16.811 -4.07024     0 2.49311e-307 2.49311e-307
20.5291 17.4128 -3.11627     0 2.49311e-307 2.49311e-307
21.3829 20.9098 -0.473064     0 2.49311e-307 2.49311e-307
24.1184 26.4913 2.37292     0 2.49311e-307 2.49311e-307
28.4946 31.8131 3.31852     0 2.49311e-307 2.49311e-307
32.8568 35.5449 2.68809     0 2.49311e-307 2.49311e-307
35.8843 37.5606 1.67635     0 2.49311e-307 2.49311e-307
37.3146 38.1639 0.849235     0 2.49311e-307 2.49311e-307
37.4443 37.8028 0.358453     0 2.49311e-307 2.49311e-307
36.8034 37.0615 0.258019     0 2.49311e-307 2.49311e-307
36.1137 36.7498 0.636062     0 2.49311e-307 2.49311e-307
36.3218 37.7969 1.47515     0 2.49311e-307 2.49311e-307
38.2359 40.4048 2.16888     0 2.49311e-307 2.49311e-307
41.3981 43.157 1.75887     0 2.49311e-307 2.49311e-307
43.7791 44.4259 0.6468     0 2.49311e-307 2.49311e-307
44.3985 44.3628 -0.0357223     0 2.49311e-307 2.49311e-307
44.0442 43.9448 -0.09935     0 2.49311e-307 2.49311e-307
43.704 43.8647 0.160653     0 2.49311e-307 2.49311e-307
43.867 44.2601 0.393125     0 2.49311e-307 2.49311e-307
44.4051 44.7132 0.308086     0 2.49311e-307 2.49311e-307
44.6159 44.3119 -0.303994     0 2.49311e-307 2.49311e-307
43.3657 42.1104 -1.25533     0 2.49311e-307 2.49311e-307
40.1537 38.5538 -1.59987     0 2.49311e-307 2.49311e-307
36.2113 34.9693 -1.24197     0 2.49311e-307 2.49311e-307
32.8576 32.0738 -0.783761     0 2.49311e-307 2.49311e-307
30.4491 29.912 -0.537095     0 2.49311e-307 2.49311e-307
28.7392 28.1655 -0.573722     0 2.49311e-307 2.49311e-307
27.3483 26.5175 -0.830836     0 2.49311e-307 2.49311e-307
26.0854 24.9641 -1.12124     0 2.49311e-307 2.49311e-307
25.0705 23.9831 -1.08737     0 2.49311e-307 2.49311e-307
24.7589 24.6084 -0.150468     0 2.49311e-307 2.49311e-307
25.9157 27.6209 1.70518     0 2.49311e-307 2.49311e-307
29.0002 32.0827 3.08242     0 2.49311e-307 2.49311e-307
33.2598 36.4122 3.1524     0 2.49311e-307 2.49311e-307
37.4132 39.9057 2.49257     0 2.49311e-307 2.49311e-307
40.7571 42.4673 1.71024     0 2.49311e-307 2.49311e-307
43.1202 44.1468 1.02663     0 2.49311e-307 2.49311e-307
44.5509 45.0662 0.515246     0 2.49311e-307 2.49311e-307
45.2681 45.5395 0.271365     0 2.49311e-307 2.49311e-307
45.7684 46.1875 0.419164     0 2.49311e-307 2.49311e-307
46.7796 47.5603 0.780714     0 2.49311e-307 2.49311e-307
48.4109 48.9779 0.567028     0 2.49311e-307 2.49311e-307
49.2201 48.635 -0.585065     0 2.49311e-307 2.49311e-307
47.7651 46.0396 -1.72551     0 2.49311e-307 2.49311e-307
44.2714 42.1789 -2.09253     0 2.49311e-307 2.49311e-307
39.8589 38.0476 -1.81132     0 2.49311e-307 2.49311e-307
35.5726 34.2067 -1.36591     0 2.49311e-307 2.49311e-307
31.9602 30.8328 -1.1274     0 2.49311e-307 2.49311e-307
29.0507 27.7668 -1.28393     0 2.49311e-307 2.49311e-307
26.5842 24.7491 -1.83512     0 2.49311e-307 2.49311e-307
24.4327 21.8938 -2.53895     0 2.49311e-307 2.49311e-307
22.7566 19.706 -3.05061     0 2.49311e-307 2.49311e-307
21.7762 18.9098 -2.86637     0 2.49311e-307 2.49311e-307
21.7931 20.435 -1.35804     0 2.49311e-307 2.49311e-307
23.3404 24.5471 1.20664     0 2.49311e-307 2.49311e-307
26.7571 29.8318 3.07479     0 2.49311e-307 2.49311e-307
31.282 34.5668 3.28487     0 2.49311e-307 2.49311e-307
35.4808 37.9712 2.49036     0 2.49311e-307 2.49311e-307
38.4085 39.8965 1.48798     0 2.49311e-307 2.49311e-307
39.8348 40.5242 0.689383     0 2.49311e-307 2.49311e-307
40.0368 40.2973 0.260566     0 2.49311e-307 2.49311e-307
39.6058 39.8859 0.280167     0 2.49311e-307 2.49311e-307
39.3816 40.1622 0.780626     0 2.49311e-307 2.49311e-307
40.304 41.7974 1.49347     0 2.49311e-307 2.49311e-307
42.6744 44.2792 1.60478     0 2.49311e-307 2.49311e-307
45.0957 45.6928 0.597162     0 2.49311e-307 2.49311e-307
45.5965 45.0487 -0.547776     0 2.49311e-307 2.49311e-307
44.1721 43.2076 -0.964568     0 2.49311e-307 2.49311e-307
42.0232 41.2816 -0.741509     0 2.49311e-307 2.49311e-307
40.1428 39.8754 -0.267428     0 2.49311e-307 2.49311e-307
38.9089 38.9857 0.0768006     0 2.49311e-307 2.49311e-307
38.003 37.9771 -0.0259131     0 2.49311e-307 2.49311e-307
36.542 35.9597 -0.58235     0 2.49311e-307 2.49311e-307
33.9109 32.869 -1.04193     0 2.49311e-307 2.49311e-307
30.7942 29.718 -1.07623     0 2.49311e-307 2.49311e-307
28.3063 27.4828 -0.823477     0 2.49311e-307 2.49311e-307
26.9614 26.6714 -0.289967     0 2.49311e-307 2.49311e-307
26.8083 27.2475 0.439229     0 2.49311e-307 2.49311e-307
27.6152 28.7034 1.08821     0 2.49311e-307 2.49311e-307
29.0079 30.5531 1.54518     0 2.49311e-307 2.49311e-307
30.8014 32.8333 2.0319     0 2.49311e-307 2.49311e-307
33.3162 35.939 2.62276     0 2.49311e-307 2.49311e-307
36.8334 39.4702 2.63685     0 2.49311e-307 2.49311e-307
40.4512 42.3692 1.91799     0 2.49311e-307 2.49311e-307
43.1498 44.341 1.19124     0 2.49311e-307 2.49311e-307
44.963 45.7726 0.809631     0 2.22362e-314 2.22362e-314
46.4048 47.1081 0.703282     0 2.22396e-314 2.22396e-314
47.8365 48.5194 0.682988     0 2.22431e-314 2.22431e-314
49.2817 49.891 0.609318     0 2.22466e-314 2.22466e-314
50.5126 50.8404 0.327801     0 2.225e-314 2.225e-314
50.9664 50.4228 -0.543636     0 0 0
49.5915 47.7966 -1.79491     0 2.49311e-307 2.49311e-307
46.0415 43.6728 -2.3687     0 0 0
41.3024 39.1518 -2.15062     0 2.49311e-307 2.49311e-307
36.49 34.7608 -1.7292     0 0 0
32.1924 30.6354 -1.55702     0 2.49311e-307 2.49311e-307
28.5893 26.8079 -1.78136     0 5.70942e-319 5.70942e-319
25.693 23.3302 -2.3628     0 1.15611e-319 1.15611e-319
23.4534 20.2999 -3.15344     0 1.3121e-317 1.3121e-317
21.8159 17.9455 -3.87037     0 2.22745e-314 2.22745e-314
20.7978 16.792 -4.00578     0 2.22796e-314 2.22796e-314
20.5857 17.7839 -2.8018     0 2.22848e-314 2.22848e-314
21.6733 21.6425 -0.0308567     0 2.229e-314 2.229e-314
24.6565 27.2632 2.60668     0 2.22952e-314 2.22952e-314
29.1175 32.4298 3.31227     0 2.49311e-307 2.49311e-307
33.3868 35.9618 2.57493     0 0 0
36.2284 37.7785 1.55012     0 1.79304e-317 1.79304e-317
37.4655 38.2228 0.757311     0 2.49311e-307 2.49311e-307
37.4549 37.7708 0.315929     0 0 0
36.7596 37.0388 0.279158     0 1.01613e-317 1.01613e-317
36.1419 36.8752 0.733218     0 2.49311e-307 2.49311e-307
36.5606 38.1538 1.59314     0 0 0
38.7063 40.882 2.1757     0 2.39227e-318 2.39227e-318
41.8776 43.4816 1.60403     0 2.49311e-307 2.49311e-307
43.9993 44.4893 0.490007     0 828 828
44.3763 44.2764 -0.0998802     0 2.23137e-314 2.23137e-314
43.9283 43.837 -0.0912941     0 2.23172e-314 2.23172e-314
43.6037 43.7969 0.193188     0 2.23206e-314 2.23206e-314
43.8106 44.2122 0.401638     0 2.23241e-314 2.23241e-314
44.3307 44.5847 0.253947     0 2.23275e-314 2.23275e-314
44.3824 43.9514 -0.43097     0 2.49311e-307 2.49311e-307
42.8316 41.4869 -1.34474     0 0 0
39.4185 37.8611 -1.55735     0 2.49311e-307 2.49311e-307
35.525 34.3732 -1.15173     0 0 0
32.3439 31.6319 -0.711971     0 2.49311e-307 2.49311e-307
30.1078 29.6084 -0.49938     0 0 0
28.519 27.9539 -0.565102     0 2.49311e-307 2.49311e-307
27.2023 26.3731 -0.829207     0 2.49311e-307 2.49311e-307
26.0034 24.9206 -1.08272     0 2.23477e-314 2.23477e-314
25.0921 24.1619 -0.930275     0 2.23511e-314 2.23511e-314
24.9887 25.1856 0.196872     0 2.23546e-314 2.23546e-314
26.4868 28.553 2.06619     0 2.23581e-314 2.23581e-314
29.8751 33.061 3.18586     0 2.23615e-314 2.23615e-314
34.1915 37.2378 3.04631     0 2.49311e-307 2.49311e-307
38.2121 40.5449 2.33286     0 0 0
41.3739 42.9441 1.57021     0 2.49311e-307 2.49311e-307
43.5731 44.4982 0.925191     0 0 0
44.8864 45.3452 0.458813     0 2.49311e-307 2.49311e-307
45.5615 45.8368 0.275358     0 0 0
46.1368 46.6177 0.480836     0 2.49311e-307 2.49311e-307
47.3013 48.0905 0.789235     0 2.24411e-314 2.24411e-314
48.8816 49.2453 0.363656     0 5.33591e-321 5.33591e-321
49.2464 48.361 -0.88543     0 2.25168e-314 2.25168e-314
47.2618 45.3632 -1.89862     0 0 0
43.4329 41.33 -2.10292     0 0 0
38.9177 37.1683 -1.74937     0 2.26301e-314 2.26301e-314
34.6821 33.3535 -1.32854     0 5.33591e-321 5.33591e-321
31.1698 29.9983 -1.17147     0 2.27058e-314 2.27058e-314
28.3383 26.9104 -1.42797     0 0 0
25.9314 23.8855 -2.04599     0 0 0
23.8799 21.1271 -2.75279     0 2.28192e-314 2.28192e-314
22.3543 19.1725 -3.18174     0 5.33591e-321 5.33591e-321
21.5648 18.7955 -2.76926     0 2.28949e-314 2.28949e-314
21.8556 20.9218 -0.93378     0 0 0
23.7994 25.4997 1.70025     0 0 0
27.5757 30.8285 3.25281     0 2.30082e-314 2.30082e-314
32.1558 35.3143 3.1585     0 2.49311e-307 2.49311e-307
36.1074 38.3639 2.25655     0 2.49311e-307 2.49311e-307
38.6595 39.9373 1.2778     0 2.24132e-314 2.24132e-314
39.7349 40.2938 0.558946     0 2.24159e-314 2.24159e-314
39.7005 39.928 0.227476     0 7.98608e-319 7.98608e-319
39.201 39.5581 0.357135     0 2.8636e-319 2.8636e-319


 RMSE:  0.0183297
 NMSE:  0.147826
Test
40.7713 42.101 1.32971     0 2.49311e-307 2.49311e-307
42.9236 44.4741 1.55053     0 2.49311e-307 2.49311e-307
45.3456 46.0003 0.654762     0 2.49311e-307 2.49311e-307
45.9696 45.3966 -0.572941     0 2.49311e-307 2.49311e-307
44.4818 43.3691 -1.11273     0 2.49311e-307 2.49311e-307
42.0444 41.1003 -0.944066     0 2.49311e-307 2.49311e-307
39.7529 39.2931 -0.459793     0 2.49311e-307 2.49311e-307
38.1004 38.0487 -0.051705     0 2.49311e-307 2.49311e-307
36.8892 36.8438 -0.0453389     0 2.49311e-307 2.49311e-307
35.345 34.8347 -0.510276     0 2.49311e-307 2.49311e-307
32.8416 31.8397 -1.00192     0 2.49311e-307 2.49311e-307
29.8902 28.7386 -1.15155     0 2.49311e-307 2.49311e-307
27.5086 26.5207 -0.987949     0 2.49311e-307 2.49311e-307
26.2377 25.8041 -0.433574     0 2.49311e-307 2.49311e-307
26.2178 26.6872 0.46949     0 2.49311e-307 2.49311e-307
27.3285 28.6883 1.35978     0 2.49311e-307 2.49311e-307
29.2396 31.2121 1.97248     0 2.49311e-307 2.49311e-307
31.6858 34.0963 2.41055     0 2.49311e-307 2.49311e-307
34.763 37.4651 2.7021     0 2.49311e-307 2.49311e-307
38.4316 40.8193 2.38772     0 2.49311e-307 2.49311e-307
41.7449 43.3158 1.57096     0 2.49311e-307 2.49311e-307
43.9678 44.863 0.895175     0 2.49311e-307 2.49311e-307
45.3455 45.9583 0.612861     0 2.49311e-307 2.49311e-307
46.4969 47.1233 0.626397     0 2.49311e-307 2.49311e-307
47.8362 48.5311 0.694832     0 2.49311e-307 2.49311e-307
49.309 49.8984 0.589478     0 2.49311e-307 2.49311e-307
50.4224 50.4913 0.0688834     0 2.49311e-307 2.49311e-307
50.2889 49.2243 -1.06453     0 2.49311e-307 2.49311e-307
47.99 45.8691 -2.12091     0 2.49311e-307 2.49311e-307
43.8142 41.5237 -2.29047     0 2.49311e-307 2.49311e-307
39.0125 37.1346 -1.87788     0 2.49311e-307 2.49311e-307
34.5362 33.0324 -1.50379     0 2.49311e-307 2.49311e-307
30.7047 29.2136 -1.49114     0 2.49311e-307 2.49311e-307
27.5142 25.6399 -1.87424     0 2.49311e-307 2.49311e-307
24.9262 22.3772 -2.5491     0 2.49311e-307 2.49311e-307
22.9261 19.6047 -3.32138     0 2.49311e-307 2.49311e-307
21.5198 17.6869 -3.8329     0 2.49311e-307 2.49311e-307
20.8041 17.3584 -3.44569     0 2.49311e-307 2.49311e-307
21.1047 19.6229 -1.4818     0 2.49311e-307 2.49311e-307
23.0279 24.461 1.43311     0 2.49311e-307 2.49311e-307
26.8258 30.0304 3.20463     0 2.49311e-307 2.49311e-307
31.4249 34.5361 3.11124     0 2.49311e-307 2.49311e-307
35.2097 37.3537 2.14402     0 2.49311e-307 2.49311e-307
37.418 38.5969 1.17897     0 2.49311e-307 2.49311e-307
38.1352 38.655 0.5198     0 2.49311e-307 2.49311e-307
37.8124 38.052 0.23961     0 2.49311e-307 2.49311e-307
37.0978 37.508 0.410134     0 2.49311e-307 2.49311e-307
36.8715 37.9449 1.07338     0 2.49311e-307 2.49311e-307
38.0668 39.9556 1.88883     0 2.49311e-307 2.49311e-307
40.8453 42.7845 1.93915     0 2.49311e-307 2.49311e-307
43.612 44.515 0.902984     0 2.49311e-307 2.49311e-307
44.5993 44.5384 -0.0609418     0 2.49311e-307 2.49311e-307
44.1021 43.7638 -0.338285     0 2.49311e-307 2.49311e-307
43.24 43.1173 -0.122753     0 2.49311e-307 2.49311e-307
42.7846 43.0056 0.22098     0 2.49311e-307 2.49311e-307
42.8892 43.2329 0.343767     0 2.49311e-307 2.49311e-307
43.0519 43.0352 -0.0166635     0 2.49311e-307 2.49311e-307
42.2324 41.3786 -0.853868     0 2.49311e-307 2.49311e-307
39.5741 38.1596 -1.41444     0 2.49311e-307 2.49311e-307
35.8334 34.5994 -1.234     0 2.49311e-307 2.49311e-307
32.4837 31.6948 -0.788802     0 2.49311e-307 2.49311e-307
30.1551 29.7294 -0.42567     0 2.49311e-307 2.49311e-307
28.7372 28.474 -0.263159     0 2.49311e-307 2.49311e-307
27.8222 27.4983 -0.323858     0 2.49311e-307 2.49311e-307
27.0567 26.581 -0.475698     0 2.49311e-307 2.49311e-307
26.4095 26.022 -0.38749     0 2.49311e-307 2.49311e-307
26.3012 26.7613 0.460136     0 2.49311e-307 2.49311e-307
27.5777 29.6559 2.07819     0 2.49311e-307 2.49311e-307
30.759 33.8868 3.12785     0 2.49311e-307 2.49311e-307
34.9661 37.9103 2.94422     0 2.49311e-307 2.49311e-307
38.8846 41.1182 2.23359     0 2.49311e-307 2.49311e-307
41.9921 43.5388 1.54671     0 2.49311e-307 2.49311e-307
44.2958 45.2993 1.00356     0 2.49311e-307 2.49311e-307
45.9046 46.504 0.599345     0 2.49311e-307 2.49311e-307
46.9733 47.3579 0.384648     0 2.49311e-307 2.49311e-307
47.8429 48.3053 0.462431     0 2.49311e-307 2.49311e-307
49.0041 49.6264 0.622232     0 2.49311e-307 2.49311e-307
50.2217 50.285 0.0632782     0 2.49311e-307 2.49311e-307
49.9894 48.7736 -1.2158     0 2.49311e-307 2.49311e-307
47.442 45.2947 -2.14737     0 2.49311e-307 2.49311e-307
43.1789 40.9119 -2.26695     0 2.49311e-307 2.49311e-307
38.315 36.4214 -1.89357     0 2.49311e-307 2.49311e-307
33.7725 32.2358 -1.5367     0 2.49311e-307 2.49311e-307
29.9967 28.4907 -1.50601     0 2.49311e-307 2.49311e-307
27.0034 25.1114 -1.8921     0 2.49311e-307 2.49311e-307
24.613 22.0052 -2.60781     0 2.49311e-307 2.49311e-307
22.7315 19.3505 -3.38098     0 2.49311e-307 2.49311e-307
21.4171 17.609 -3.80818     0 2.49311e-307 2.49311e-307
20.8145 17.5671 -3.24742     0 2.49311e-307 2.49311e-307
21.2909 20.2267 -1.06417     0 2.49311e-307 2.49311e-307
23.5029 25.3581 1.85528     0 2.49311e-307 2.49311e-307
27.5604 30.8621 3.3017     0 2.49311e-307 2.49311e-307
32.1171 35.0885 2.97139     0 2.49311e-307 2.49311e-307
35.6583 37.6464 1.98804     0 2.49311e-307 2.49311e-307
37.6373 38.7095 1.07226     0 2.49311e-307 2.49311e-307
38.1962 38.6603 0.464074     0 2.49311e-307 2.49311e-307
37.7962 38.0355 0.239288     0 2.49311e-307 2.49311e-307
37.1073 37.5801 0.472857     0 2.49311e-307 2.49311e-307
37.0338 38.2262 1.19245     0 2.49311e-307 2.49311e-307


 RMSE:  0.0187914
 NMSE:  0.151502

 ------------------------------ 5  1056  0.0183297  0.0187914
Train
40.3144 41.9321 1.61771     0 2.49311e-307 2.49311e-307
42.9752 43.969 0.993762     0 2.49311e-307 2.49311e-307
43.9544 44.4458 0.491428     0 2.49311e-307 2.49311e-307
43.8109 44.1912 0.380237     0 2.49311e-307 2.49311e-307
43.537 44.0608 0.523737     0 2.49311e-307 2.49311e-307
43.6924 44.4053 0.712911     0 2.49311e-307 2.49311e-307
44.2687 45.0148 0.74609     0 2.49311e-307 2.49311e-307
44.7417 45.1872 0.445489     0 2.49311e-307 2.49311e-307
44.1523 43.8619 -0.29042     0 2.49311e-307 2.49311e-307
41.6096 40.7294 -0.880226     0 2.49311e-307 2.49311e-307
37.8077 36.9817 -0.826015     0 2.49311e-307 2.49311e-307
34.1486 33.6742 -0.47433     0 2.49311e-307 2.49311e-307
31.2595 31.0909 -0.168545     0 2.49311e-307 2.49311e-307
29.0839 29.0249 -0.0589624     0 2.49311e-307 2.49311e-307
27.268 27.1387 -0.129324     0 2.49311e-307 2.49311e-307
25.5752 25.3024 -0.27276     0 2.49311e-307 2.49311e-307
24.1052 23.7704 -0.334865     0 2.49311e-307 2.49311e-307
23.3277 23.3098 -0.0179027     0 2.49311e-307 2.49311e-307
24.0938 25.0253 0.931532     0 2.49311e-307 2.49311e-307
27.0127 28.9614 1.94871     0 2.49311e-307 2.49311e-307
31.3469 33.5982 2.25131     0 2.49311e-307 2.49311e-307
35.7145 37.6799 1.96547     0 2.49311e-307 2.49311e-307
39.2775 40.8107 1.53316     0 2.49311e-307 2.49311e-307
41.8105 42.9542 1.14368     0 2.49311e-307 2.49311e-307
43.3549 44.1838 0.828908     0 2.49311e-307 2.49311e-307
44.0859 44.7194 0.633459     0 2.49311e-307 2.49311e-307
44.3862 45.0584 0.672217     0 2.49311e-307 2.49311e-307
44.9397 45.9408 1.00112     0 2.49311e-307 2.49311e-307
46.3262 47.5926 1.26644     0 2.49311e-307 2.49311e-307
47.8743 48.7023 0.828029     0 2.49311e-307 2.49311e-307
47.7674 47.6375 -0.12994     0 2.49311e-307 2.49311e-307
45.4124 44.5928 -0.819576     0 2.49311e-307 2.49311e-307
41.7081 40.7048 -1.00322     0 2.49311e-307 2.49311e-307
37.6692 36.8329 -0.836267     0 2.49311e-307 2.49311e-307
33.9403 33.3873 -0.553008     0 2.49311e-307 2.49311e-307
30.7588 30.3767 -0.382077     0 2.49311e-307 2.49311e-307
27.9484 27.487 -0.461377     0 2.49311e-307 2.49311e-307
25.2303 24.518 -0.712308     0 2.49311e-307 2.49311e-307
22.7939 21.797 -0.99684     0 2.49311e-307 2.49311e-307
21.1251 19.9596 -1.16557     0 2.49311e-307 2.49311e-307
20.6495 19.8244 -0.825082     0 2.49311e-307 2.49311e-307
21.8595 22.1876 0.328145     0 2.49311e-307 2.49311e-307
25.042 26.7273 1.68528     0 2.49311e-307 2.49311e-307
29.5613 31.8335 2.2722     0 2.49311e-307 2.49311e-307
34.1492 36.1813 2.03201     0 2.49311e-307 2.49311e-307
37.7589 39.2254 1.46648     0 2.49311e-307 2.49311e-307
39.94 40.8516 0.911586     0 2.49311e-307 2.49311e-307
40.7644 41.2809 0.516529     0 2.49311e-307 2.49311e-307
40.6626 41.0248 0.362145     0 2.49311e-307 2.49311e-307
40.3078 40.8321 0.524266     0 2.49311e-307 2.49311e-307
40.5752 41.5592 0.984006     0 2.49311e-307 2.49311e-307
42.1468 43.5528 1.40605     0 2.49311e-307 2.49311e-307
44.5295 45.7158 1.18629     0 2.49311e-307 2.49311e-307
45.7812 46.1214 0.340222     0 2.49311e-307 2.49311e-307
44.8272 44.5252 -0.302024     0 2.49311e-307 2.49311e-307
42.5377 42.0948 -0.442881     0 2.49311e-307 2.49311e-307
40.08 39.8295 -0.250451     0 2.49311e-307 2.49311e-307
38.124 38.149 0.0249956     0 2.49311e-307 2.49311e-307
36.733 36.859 0.126013     0 2.49311e-307 2.49311e-307
35.3252 35.2262 -0.0990004     0 2.49311e-307 2.49311e-307
33.0673 32.6318 -0.43541     0 2.49311e-307 2.49311e-307
29.9672 29.4797 -0.487497     0 2.49311e-307 2.49311e-307
27.075 26.7862 -0.288855     0 2.49311e-307 2.49311e-307
25.3113 25.3761 0.0648683     0 2.49311e-307 2.49311e-307
25.0851 25.6772 0.592052     0 2.49311e-307 2.49311e-307
26.3307 27.493 1.16227     0 2.49311e-307 2.49311e-307
28.5964 30.1657 1.56935     0 2.49311e-307 2.49311e-307
31.4199 33.2128 1.79288     0 2.49311e-307 2.49311e-307
34.6653 36.5826 1.91723     0 2.49311e-307 2.49311e-307
38.2547 40.0373 1.78261     0 2.49311e-307 2.49311e-307
41.4334 42.7908 1.35739     0 2.49311e-307 2.49311e-307
43.5049 44.4897 0.984806     0 2.49311e-307 2.49311e-307
44.6631 45.5103 0.847211     0 2.49311e-307 2.49311e-307
45.5275 46.4678 0.94033     0 2.49311e-307 2.49311e-307
46.6179 47.7499 1.13204     0 2.49311e-307 2.49311e-307
48.0077 49.227 1.21929     0 2.49311e-307 2.49311e-307
49.2267 50.1978 0.971103     0 2.49311e-307 2.49311e-307
49.3531 49.5357 0.182677     0 2.49311e-307 2.49311e-307
47.4236 46.6682 -0.755366     0 2.49311e-307 2.49311e-307
43.6507 42.4922 -1.15857     0 2.49311e-307 2.49311e-307
39.1991 38.1206 -1.07851     0 2.49311e-307 2.49311e-307
34.878 34.0426 -0.83539     0 2.49311e-307 2.49311e-307
30.9548 30.2878 -0.667028     0 2.49311e-307 2.49311e-307
27.4355 26.7529 -0.682627     0 2.49311e-307 2.49311e-307
24.3538 23.4447 -0.909071     0 2.49311e-307 2.49311e-307
21.8538 20.5322 -1.32166     0 2.49311e-307 2.49311e-307
20.1021 18.3508 -1.75124     0 2.49311e-307 2.49311e-307
19.3181 17.5492 -1.76892     0 2.49311e-307 2.49311e-307
19.9441 19.129 -0.815189     0 2.49311e-307 2.49311e-307
22.5322 23.4349 0.902743     0 2.49311e-307 2.49311e-307
26.8679 28.966 2.09804     0 2.49311e-307 2.49311e-307
31.6732 33.8064 2.13322     0 2.49311e-307 2.49311e-307
35.5256 37.0785 1.55284     0 2.49311e-307 2.49311e-307
37.785 38.734 0.949064     0 2.49311e-307 2.49311e-307
38.576 39.0919 0.515826     0 2.49311e-307 2.49311e-307
38.3311 38.6374 0.306245     0 2.49311e-307 2.49311e-307
37.6472 38.0378 0.390567     0 2.49311e-307 2.49311e-307
37.365 38.1888 0.823788     0 2.49311e-307 2.49311e-307
38.4209 39.8299 1.409     0 2.49311e-307 2.49311e-307
40.9958 42.57 1.57418     0 2.49311e-307 2.49311e-307
43.5877 44.5648 0.977137     0 2.49311e-307 2.49311e-307
44.4126 44.7318 0.319247     0 2.49311e-307 2.49311e-307
43.7242 43.8094 0.0852101     0 2.49311e-307 2.49311e-307
42.642 42.8328 0.190832     0 2.49311e-307 2.49311e-307
41.9415 42.3649 0.423428     0 2.49311e-307 2.49311e-307
41.8226 42.3634 0.54074     0 2.49311e-307 2.49311e-307
41.8489 42.1745 0.325639     0 2.49311e-307 2.49311e-307
41.0473 40.7687 -0.278646     0 2.49311e-307 2.49311e-307
38.5373 37.7797 -0.757688     0 2.49311e-307 2.49311e-307
34.9117 34.2583 -0.653373     0 2.49311e-307 2.49311e-307
31.5842 31.3227 -0.261535     0 2.49311e-307 2.49311e-307
29.3018 29.4144 0.112672     0 2.49311e-307 2.49311e-307
28.0802 28.4089 0.328632     0 2.49311e-307 2.49311e-307
27.4888 27.8606 0.371731     0 2.49311e-307 2.49311e-307
27.0707 27.4221 0.351398     0 2.49311e-307 2.49311e-307
26.7602 27.2512 0.490971     0 2.49311e-307 2.49311e-307
27.1185 28.1872 1.06869     0 2.49311e-307 2.49311e-307
29.1679 31.0763 1.90837     0 2.49311e-307 2.49311e-307
32.9924 35.1634 2.17097     0 2.49311e-307 2.49311e-307
37.1056 38.9619 1.85634     0 2.49311e-307 2.49311e-307
40.4526 41.9391 1.48647     0 2.49311e-307 2.49311e-307
42.9599 44.2056 1.24571     0 2.49311e-307 2.49311e-307
44.8408 45.9416 1.1008     0 2.49311e-307 2.49311e-307
46.2496 47.2603 1.0107     0 2.49311e-307 2.49311e-307
47.3134 48.317 1.00362     0 2.49311e-307 2.49311e-307
48.281 49.4248 1.14375     0 2.49311e-307 2.49311e-307
49.4194 50.6026 1.18317     0 2.49311e-307 2.49311e-307
50.0767 50.5967 0.520066     0 2.49311e-307 2.49311e-307
48.7908 48.3057 -0.485144     0 2.49311e-307 2.49311e-307
45.4638 44.3569 -1.10685     0 2.49311e-307 2.49311e-307
41.0211 39.7742 -1.24689     0 2.49311e-307 2.49311e-307
36.2814 35.2006 -1.08073     0 2.49311e-307 2.49311e-307
31.7874 30.9512 -0.836195     0 2.49311e-307 2.49311e-307
27.8599 27.1297 -0.73022     0 2.49311e-307 2.49311e-307
24.6016 23.6984 -0.903145     0 2.49311e-307 2.49311e-307
21.9824 20.6432 -1.3392     0 2.49311e-307 2.49311e-307
20.0546 18.1831 -1.87153     0 2.49311e-307 2.49311e-307
18.9772 16.811 -2.16619     0 2.49311e-307 2.49311e-307
19.0461 17.4128 -1.63328     0 2.49311e-307 2.49311e-307
20.87 20.9098 0.0397568     0 2.49311e-307 2.49311e-307
24.764 26.4913 1.72731     0 2.49311e-307 2.49311e-307
29.633 31.8131 2.18016     0 2.49311e-307 2.49311e-307
33.8259 35.5449 1.71898     0 2.49311e-307 2.49311e-307
36.4639 37.5606 1.09667     0 2.49311e-307 2.49311e-307
37.5518 38.1639 0.612046     0 2.49311e-307 2.49311e-307
37.4683 37.8028 0.334456     0 2.49311e-307 2.49311e-307
36.7462 37.0615 0.315306     0 2.49311e-307 2.49311e-307
36.1141 36.7498 0.635647     0 2.49311e-307 2.49311e-307
36.5472 37.7969 1.24979     0 2.49311e-307 2.49311e-307
38.7175 40.4048 1.68732     0 2.49311e-307 2.49311e-307
41.7839 43.157 1.37304     0 2.49311e-307 2.49311e-307
43.7196 44.4259 0.706244     0 2.49311e-307 2.49311e-307
44.0069 44.3628 0.355919     0 2.49311e-307 2.49311e-307
43.5784 43.9448 0.366408     0 2.49311e-307 2.49311e-307
43.3075 43.8647 0.557177     0 2.49311e-307 2.49311e-307
43.5469 44.2601 0.713187     0 2.49311e-307 2.49311e-307
44.0778 44.7132 0.635382     0 2.49311e-307 2.49311e-307
44.1708 44.3119 0.141059     0 2.49311e-307 2.49311e-307
42.7343 42.1104 -0.623888     0 2.49311e-307 2.49311e-307
39.454 38.5538 -0.900182     0 2.49311e-307 2.49311e-307
35.6159 34.9693 -0.646617     0 2.49311e-307 2.49311e-307
32.3467 32.0738 -0.272836     0 2.49311e-307 2.49311e-307
29.9448 29.912 -0.0327237     0 2.49311e-307 2.49311e-307
28.1653 28.1655 0.000230348     0 2.49311e-307 2.49311e-307
26.6234 26.5175 -0.105867     0 2.49311e-307 2.49311e-307
25.1774 24.9641 -0.21329     0 2.49311e-307 2.49311e-307
24.0845 23.9831 -0.101345     0 2.49311e-307 2.49311e-307
24.0464 24.6084 0.562023     0 2.49311e-307 2.49311e-307
25.986 27.6209 1.63492     0 2.49311e-307 2.49311e-307
29.8552 32.0827 2.22746     0 2.49311e-307 2.49311e-307
34.3126 36.4122 2.0996     0 2.49311e-307 2.49311e-307
38.2105 39.9057 1.69519     0 2.49311e-307 2.49311e-307
41.1569 42.4673 1.31043     0 2.49311e-307 2.49311e-307
43.1532 44.1468 0.993608     0 2.49311e-307 2.49311e-307
44.3096 45.0662 0.756578     0 2.49311e-307 2.49311e-307
44.8627 45.5395 0.676789     0 2.49311e-307 2.49311e-307
45.3145 46.1875 0.873059     0 2.49311e-307 2.49311e-307
46.3493 47.5603 1.21105     0 2.49311e-307 2.49311e-307
47.914 48.9779 1.06395     0 2.49311e-307 2.49311e-307
48.4453 48.635 0.189738     0 2.49311e-307 2.49311e-307
46.7125 46.0396 -0.672958     0 2.49311e-307 2.49311e-307
43.2285 42.1789 -1.04963     0 2.49311e-307 2.49311e-307
39.0438 38.0476 -0.996221     0 2.49311e-307 2.49311e-307
34.941 34.2067 -0.734315     0 2.49311e-307 2.49311e-307
31.3316 30.8328 -0.498781     0 2.49311e-307 2.49311e-307
28.2464 27.7668 -0.479641     0 2.49311e-307 2.49311e-307
25.4497 24.7491 -0.700594     0 2.49311e-307 2.49311e-307
22.9263 21.8938 -1.03249     0 2.49311e-307 2.49311e-307
21.04 19.706 -1.33406     0 2.49311e-307 2.49311e-307
20.1735 18.9098 -1.26369     0 2.49311e-307 2.49311e-307
20.7792 20.435 -0.344203     0 2.49311e-307 2.49311e-307
23.3602 24.5471 1.18688     0 2.49311e-307 2.49311e-307
27.6559 29.8318 2.17599     0 2.49311e-307 2.49311e-307
32.4117 34.5668 2.15515     0 2.49311e-307 2.49311e-307
36.3532 37.9712 1.61794     0 2.49311e-307 2.49311e-307
38.8652 39.8965 1.03125     0 2.49311e-307 2.49311e-307
39.9421 40.5242 0.582089     0 2.49311e-307 2.49311e-307
39.9458 40.2973 0.351534     0 2.49311e-307 2.49311e-307
39.4723 39.8859 0.413634     0 2.49311e-307 2.49311e-307
39.3494 40.1622 0.812868     0 2.49311e-307 2.49311e-307
40.4535 41.7974 1.34395     0 2.49311e-307 2.49311e-307
42.8537 44.2792 1.42544     0 2.49311e-307 2.49311e-307
44.9521 45.6928 0.740761     0 2.49311e-307 2.49311e-307
45.0434 45.0487 0.00530333     0 2.49311e-307 2.49311e-307
43.4773 43.2076 -0.269744     0 2.49311e-307 2.49311e-307
41.4446 41.2816 -0.16297     0 2.49311e-307 2.49311e-307
39.776 39.8754 0.0994367     0 2.49311e-307 2.49311e-307
38.7245 38.9857 0.261132     0 2.49311e-307 2.49311e-307
37.8803 37.9771 0.0967954     0 2.49311e-307 2.49311e-307
36.3075 35.9597 -0.347784     0 2.49311e-307 2.49311e-307
33.4476 32.869 -0.57863     0 2.49311e-307 2.49311e-307
30.1205 29.718 -0.402451     0 2.49311e-307 2.49311e-307
27.5316 27.4828 -0.0487915     0 2.49311e-307 2.49311e-307
26.2989 26.6714 0.372515     0 2.49311e-307 2.49311e-307
26.4578 27.2475 0.789663     0 2.49311e-307 2.49311e-307
27.6043 28.7034 1.09916     0 2.49311e-307 2.49311e-307
29.2453 30.5531 1.30781     0 2.49311e-307 2.49311e-307
31.25 32.8333 1.58329     0 2.49311e-307 2.49311e-307
34.0233 35.939 1.91569     0 2.49311e-307 2.49311e-307
37.6284 39.4702 1.84186     0 2.49311e-307 2.49311e-307
40.9424 42.3692 1.42685     0 2.49311e-307 2.49311e-307
43.2315 44.341 1.1095     0 2.49311e-307 2.49311e-307
44.7575 45.7726 1.01512     0 2.49311e-307 2.49311e-307
46.0337 47.1081 1.07439     0 2.26953e-314 2.26953e-314
47.3495 48.5194 1.16999     0 2.26987e-314 2.26987e-314
48.6798 49.891 1.21125     0 2.27022e-314 2.27022e-314
49.783 50.8404 1.05737     0 2.27057e-314 2.27057e-314
50.0524 50.4228 0.370327     0 0 0
48.4215 47.7966 -0.62496     0 2.49311e-307 2.49311e-307
44.8253 43.6728 -1.15255     0 0 0
40.3349 39.1518 -1.18309     0 2.49311e-307 2.49311e-307
35.7555 34.7608 -0.994691     0 0 0
31.4409 30.6354 -0.805535     0 2.49311e-307 2.49311e-307
27.5702 26.8079 -0.762284     0 6.84775e-319 6.84775e-319
24.2909 23.3302 -0.960785     0 2.29444e-319 2.29444e-319
21.7037 20.2999 -1.40371     0 1.3804e-317 1.3804e-317
19.872 17.9455 -1.92641     0 2.27306e-314 2.27306e-314
18.928 16.792 -2.13602     0 2.27374e-314 2.27374e-314
19.216 17.7839 -1.43213     0 2.27443e-314 2.27443e-314
21.3318 21.6425 0.310662     0 2.27513e-314 2.27513e-314
25.3989 27.2632 1.86429     0 2.27581e-314 2.27581e-314
30.2616 32.4298 2.16816     0 2.49311e-307 2.49311e-307
34.3181 35.9618 1.64361     0 2.97121e-317 2.97121e-317
36.7581 37.7785 1.0204     0 1458 1458
37.6634 38.2228 0.559376     0 0 0
37.4577 37.7708 0.313183     0 2.49311e-307 2.49311e-307
36.6999 37.0388 0.338866     0 1.93533e-317 1.93533e-317
36.1642 36.8752 0.710928     0 252 252
36.8248 38.1538 1.32899     0 0 0
39.1953 40.882 1.68662     0 2.49311e-307 2.49311e-307
42.2059 43.4816 1.2757     0 8.99456e-318 8.99456e-318
43.8713 44.4893 0.618045     0 504 504
43.9536 44.2764 0.322837     0 0 0
43.4643 43.837 0.372732     0 2.49311e-307 2.49311e-307
43.2218 43.7969 0.575067     0 2.49311e-307 2.49311e-307
43.5018 44.2122 0.710475     0 2.27653e-314 2.27653e-314
44.002 44.5847 0.582656     0 2.27799e-314 2.27799e-314
43.9238 43.9514 0.0276002     0 2.27834e-314 2.27834e-314
42.1912 41.4869 -0.704353     0 2.27868e-314 2.27868e-314
38.738 37.8611 -0.876869     0 2.27903e-314 2.27903e-314
34.9509 34.3732 -0.577625     0 2.27937e-314 2.27937e-314
31.8401 31.6319 -0.208193     0 0 0
29.6033 29.6084 0.00503824     0 2.49311e-307 2.49311e-307
27.9402 27.9539 0.0136615     0 0 0
26.4708 26.3731 -0.0977627     0 2.49311e-307 2.49311e-307
25.1012 24.9206 -0.180574     0 0 0
24.1536 24.1619 0.0082495     0 2.49311e-307 2.49311e-307
24.4067 25.1856 0.778926     0 6.27859e-319 6.27859e-319
26.736 28.553 1.81706     0 1.72528e-319 1.72528e-319
30.8156 33.061 2.2454     0 2.28138e-314 2.28138e-314
35.2144 37.2378 2.02335     0 2.28172e-314 2.28172e-314
38.9298 40.5449 1.6151     0 2.28207e-314 2.28207e-314
41.6922 42.9441 1.25189     0 2.28241e-314 2.28241e-314
43.5406 44.4982 0.95764     0 2.28275e-314 2.28275e-314
44.5987 45.3452 0.746532     0 2.49311e-307 2.49311e-307
45.1276 45.8368 0.709247     0 0 0
45.6682 46.6177 0.949441     0 2.49311e-307 2.49311e-307
46.8496 48.0905 1.24087     0 0 0
48.3232 49.2453 0.922093     0 2.49311e-307 2.49311e-307
48.3859 48.361 -0.0249869     0 0 0
46.1705 45.3632 -0.807371     0 2.49311e-307 2.49311e-307
42.4167 41.33 -1.08673     0 2.29071e-314 2.29071e-314
38.1426 37.1683 -0.974327     0 5.33591e-321 5.33591e-321
34.0542 33.3535 -0.700662     0 2.29828e-314 2.29828e-314
30.4958 29.9983 -0.497454     0 0 0
27.4439 26.9104 -0.533505     0 0 0
24.6815 23.8855 -0.796053     0 2.30962e-314 2.30962e-314
22.2799 21.1271 -1.15275     0 5.33591e-321 5.33591e-321
20.6058 19.1725 -1.43328     0 2.31719e-314 2.31719e-314
20.0217 18.7955 -1.22618     0 0 0
21.0195 20.9218 -0.0976651     0 0 0
24.0445 25.4997 1.45517     0 2.32852e-314 2.32852e-314
28.5856 30.8285 2.24289     0 5.33591e-321 5.33591e-321
33.2602 35.3143 2.05404     0 2.33609e-314 2.33609e-314
36.8913 38.3639 1.47265     0 0 0
39.0315 39.9373 0.905809     0 0 0
39.7924 40.2938 0.501394     0 2.34743e-314 2.34743e-314
39.598 39.928 0.329964     0 2.49311e-307 2.49311e-307
39.09 39.5581 0.468154     0 2.49311e-307 2.49311e-307


 RMSE:  0.0119133
 NMSE:  0.0999297
Test
40.8463 42.101 1.25468     0 2.49311e-307 2.49311e-307
43.0492 44.4741 1.42496     0 2.49311e-307 2.49311e-307
45.1928 46.0003 0.807518     0 2.49311e-307 2.49311e-307
45.4007 45.3966 -0.00402484     0 2.49311e-307 2.49311e-307
43.7386 43.3691 -0.369495     0 2.49311e-307 2.49311e-307
41.4083 41.1003 -0.308002     0 2.49311e-307 2.49311e-307
39.3376 39.2931 -0.0445218     0 2.49311e-307 2.49311e-307
37.8849 38.0487 0.163806     0 2.49311e-307 2.49311e-307
36.761 36.8438 0.0828792     0 2.49311e-307 2.49311e-307
35.1212 34.8347 -0.286562     0 2.49311e-307 2.49311e-307
32.3653 31.8397 -0.525629     0 2.49311e-307 2.49311e-307
29.1484 28.7386 -0.409765     0 2.49311e-307 2.49311e-307
26.6288 26.5207 -0.108153     0 2.49311e-307 2.49311e-307
25.4794 25.8041 0.32466     0 2.49311e-307 2.49311e-307
25.8438 26.6872 0.843412     0 2.49311e-307 2.49311e-307
27.4043 28.6883 1.28397     0 2.49311e-307 2.49311e-307
29.6519 31.2121 1.56017     0 2.49311e-307 2.49311e-307
32.3223 34.0963 1.77399     0 2.49311e-307 2.49311e-307
35.549 37.4651 1.91613     0 2.49311e-307 2.49311e-307
39.128 40.8193 1.69128     0 2.49311e-307 2.49311e-307
42.0598 43.3158 1.25607     0 2.49311e-307 2.49311e-307
43.8964 44.863 0.966665     0 2.49311e-307 2.49311e-307
45.0397 45.9583 0.918647     0 2.49311e-307 2.49311e-307
46.0794 47.1233 1.04386     0 2.49311e-307 2.49311e-307
47.3429 48.5311 1.18814     0 2.49311e-307 2.49311e-307
48.7104 49.8984 1.18799     0 2.49311e-307 2.49311e-307
49.6654 50.4913 0.825867     0 2.49311e-307 2.49311e-307
49.2948 49.2243 -0.0704695     0 2.49311e-307 2.49311e-307
46.7896 45.8691 -0.920473     0 2.49311e-307 2.49311e-307
42.7114 41.5237 -1.18765     0 2.49311e-307 2.49311e-307
38.1914 37.1346 -1.05673     0 2.49311e-307 2.49311e-307
33.8608 33.0324 -0.82839     0 2.49311e-307 2.49311e-307
29.9119 29.2136 -0.698354     0 2.49311e-307 2.49311e-307
26.3997 25.6399 -0.759786     0 2.49311e-307 2.49311e-307
23.4266 22.3772 -1.04945     0 2.49311e-307 2.49311e-307
21.1222 19.6047 -1.51748     0 2.49311e-307 2.49311e-307
19.6128 17.6869 -1.92591     0 2.49311e-307 2.49311e-307
19.1323 17.3584 -1.77392     0 2.49311e-307 2.49311e-307
20.1781 19.6229 -0.555196     0 2.49311e-307 2.49311e-307
23.2403 24.461 1.22066     0 2.49311e-307 2.49311e-307
27.8435 30.0304 2.18694     0 2.49311e-307 2.49311e-307
32.5293 34.5361 2.0069     0 2.49311e-307 2.49311e-307
35.9742 37.3537 1.37946     0 2.49311e-307 2.49311e-307
37.7854 38.5969 0.811552     0 2.49311e-307 2.49311e-307
38.2213 38.655 0.433677     0 2.49311e-307 2.49311e-307
37.7604 38.052 0.291635     0 2.49311e-307 2.49311e-307
37.046 37.508 0.461954     0 2.49311e-307 2.49311e-307
36.9744 37.9449 0.970511     0 2.49311e-307 2.49311e-307
38.4221 39.9556 1.53351     0 2.49311e-307 2.49311e-307
41.2529 42.7845 1.53159     0 2.49311e-307 2.49311e-307
43.6558 44.515 0.859178     0 2.49311e-307 2.49311e-307
44.2287 44.5384 0.309702     0 2.49311e-307 2.49311e-307
43.5845 43.7638 0.179322     0 2.49311e-307 2.49311e-307
42.7862 43.1173 0.331114     0 2.49311e-307 2.49311e-307
42.4588 43.0056 0.546767     0 2.49311e-307 2.49311e-307
42.6377 43.2329 0.595201     0 2.49311e-307 2.49311e-307
42.756 43.0352 0.279224     0 2.49311e-307 2.49311e-307
41.7822 41.3786 -0.403622     0 2.49311e-307 2.49311e-307
38.9852 38.1596 -0.825532     0 2.49311e-307 2.49311e-307
35.2537 34.5994 -0.654273     0 2.49311e-307 2.49311e-307
31.9502 31.6948 -0.255348     0 2.49311e-307 2.49311e-307
29.6527 29.7294 0.0766878     0 2.49311e-307 2.49311e-307
28.2551 28.474 0.218929     0 2.49311e-307 2.49311e-307
27.3056 27.4983 0.192761     0 2.49311e-307 2.49311e-307
26.4467 26.581 0.134292     0 2.49311e-307 2.49311e-307
25.7537 26.022 0.268287     0 2.49311e-307 2.49311e-307
25.8735 26.7613 0.887861     0 2.49311e-307 2.49311e-307
27.8282 29.6559 1.8277     0 2.49311e-307 2.49311e-307
31.6696 33.8868 2.21721     0 2.49311e-307 2.49311e-307
35.9443 37.9103 1.96606     0 2.49311e-307 2.49311e-307
39.5393 41.1182 1.57894     0 2.49311e-307 2.49311e-307
42.2551 43.5388 1.2837     0 2.49311e-307 2.49311e-307
44.2255 45.2993 1.07388     0 2.49311e-307 2.49311e-307
45.5815 46.504 0.922491     0 2.49311e-307 2.49311e-307
46.4794 47.3579 0.878466     0 2.49311e-307 2.49311e-307
47.2655 48.3053 1.03987     0 2.49311e-307 2.49311e-307
48.3994 49.6264 1.22694     0 2.49311e-307 2.49311e-307
49.4999 50.285 0.78512     0 2.49311e-307 2.49311e-307
48.9805 48.7736 -0.206929     0 2.49311e-307 2.49311e-307
46.2517 45.2947 -0.957011     0 2.49311e-307 2.49311e-307
42.119 40.9119 -1.20709     0 2.49311e-307 2.49311e-307
37.5095 36.4214 -1.08813     0 2.49311e-307 2.49311e-307
33.0644 32.2358 -0.828566     0 2.49311e-307 2.49311e-307
29.1476 28.4907 -0.656936     0 2.49311e-307 2.49311e-307
25.8505 25.1114 -0.739102     0 2.49311e-307 2.49311e-307
23.091 22.0052 -1.08578     0 2.49311e-307 2.49311e-307
20.9142 19.3505 -1.56365     0 2.49311e-307 2.49311e-307
19.5305 17.609 -1.92154     0 2.49311e-307 2.49311e-307
19.2172 17.5671 -1.65013     0 2.49311e-307 2.49311e-307
20.5074 20.2267 -0.280726     0 2.49311e-307 2.49311e-307
23.8878 25.3581 1.47035     0 2.49311e-307 2.49311e-307
28.6463 30.8621 2.21575     0 2.49311e-307 2.49311e-307
33.1782 35.0885 1.9103     0 2.49311e-307 2.49311e-307
36.3565 37.6464 1.28991     0 2.49311e-307 2.49311e-307
37.9569 38.7095 0.752639     0 2.49311e-307 2.49311e-307
38.2558 38.6603 0.404547     0 2.49311e-307 2.49311e-307
37.7365 38.0355 0.29904     0 2.49311e-307 2.49311e-307
37.0665 37.5801 0.513597     0 2.49311e-307 2.49311e-307
37.1671 38.2262 1.05909     0 2.49311e-307 2.49311e-307


 RMSE:  0.0121565
 NMSE:  0.102876

 ------------------------------ 7  1080  0.0119133  0.0121565
