3 nl 0    0.0770201    42    0
3 nl 0    0.0770201    84    1
3 nl 0    0.0770201    126    2
3 nl 0    0.0770201    168    3
3 nl 0    0.0648744    210    4
3 nl 0    0.0552415    252    5
3 nl 0    0.036217    294    6
3 nl 0    0.036217    336    7
3 nl 0    0.036217    378    8
3 nl 0    0.036217    420    9
3 nl 0    0.036217    462    10
3 nl 0    0.0361813    504    11
3 nl 0    0.0361813    546    12
3 nl 0    0.0361813    588    13
3 nl 0    0.0361813    630    14
3 nl 0    0.0361813    672    15
3 nl 0    0.0322868    714    16
3 nl 0    0.0318654    756    17
3 nl 0    0.0318654    798    18
3 nl 0    0.0318654    840    19
3 nl 0    0.0318654    882    20
3 nl 0    0.0298791    924    21
3 nl 0    0.0298791    966    22
3 nl 0    0.0298791    1008    23

 ------------------------------ 3  1008  RMSE:  0.0308138  0.032049 NMSE:  0.250429 0.259873
5 nl 0.0308138    0.0210186    66    0
5 nl 0.0308138    0.0210186    132    1
5 nl 0.0308138    0.0210186    198    2
5 nl 0.0308138    0.0210186    264    3
5 nl 0.0308138    0.0210186    330    4
5 nl 0.0308138    0.0210186    396    5
5 nl 0.0308138    0.0210186    462    6
5 nl 0.0308138    0.0210186    528    7
5 nl 0.0308138    0.0210186    594    8
5 nl 0.0308138    0.0210186    660    9
5 nl 0.0308138    0.0210186    726    10
5 nl 0.0308138    0.0210186    792    11
5 nl 0.0308138    0.0210186    858    12
5 nl 0.0308138    0.0210186    924    13
5 nl 0.0308138    0.0210186    990    14
5 nl 0.0308138    0.0210186    1056    15

 ------------------------------ 5  1056  RMSE:  0.0183297  0.0187914 NMSE:  0.147826 0.151502
7 nl 0.0183297    0.0119519    90    0
7 nl 0.0183297    0.0119519    180    1
7 nl 0.0183297    0.0119519    270    2
7 nl 0.0183297    0.0119519    360    3
7 nl 0.0183297    0.0119519    450    4
7 nl 0.0183297    0.0119519    540    5
7 nl 0.0183297    0.0119519    630    6
7 nl 0.0183297    0.0119519    720    7
7 nl 0.0183297    0.0119519    810    8
7 nl 0.0183297    0.0119519    900    9
7 nl 0.0183297    0.0119519    990    10
7 nl 0.0183297    0.0119519    1080    11

 ------------------------------ 7  1080  RMSE:  0.0119133  0.0121565 NMSE:  0.0999297 0.102876
